10001100000100010000000000000100
10001100000100100000000000010000
10001100000100110000000000100000
10001100000101000000000000010100
10101100000100010000000001010000
10101100000100100000000001000100
10101100000100110000000001001100
10101100000101000000000011100000
10001100000100010000000000100100
10001100000100100000000000101100
10001100000100110000000000010000
10001100000101000000000010101100
10101100000100010000000000010100
10101100000100100000000000011000
10101100000100110000000000100100
10101100000101000000000001000100
10001100000100010000000000100100
10001100000100100000000000101100
10001100000100110000000000010000
10001100000101000000000010101100
10101100000100010000000001100000
10101100000100100000000001010100
10101100000100110000000001011100
10101100000101000000000011110000